HST F814W                                                      Keck Ks   
    xHST      yHST    HSTmag   x_err    y_err  HSTmag_err  #    xKeck    yKeck  Keckmag Kmag_err
  509.4170  602.5051  -9.3866   0.0155   0.0232   0.0214 1364 1166.800 1241.533 14.0810  0.0029   1
  567.5438  604.7113  -9.3292   0.1226   0.1081   0.2224 1552  978.836 1380.259  9.2590  0.0830   0
  516.1231  634.9237  -9.1813   0.0210   0.0177   0.0291 1283 1055.051 1170.636 14.3160  0.0062   0
  511.4796  658.3386 -11.4446   0.0073   0.0075   0.0131 1170 1004.059 1091.349 11.8430  0.0035   0
  501.4376  671.0446 -12.1745   0.0054   0.0075   0.0150 1073  992.275 1026.562 11.1810  0.0045   0
  478.2293  605.1128 -10.2901   0.0114   0.0087   0.0169 1250 1246.835 1147.106 13.5290  0.0021   0
  469.6799  618.0068 -12.5171   0.0048   0.0056   0.0106 1156 1234.561 1084.004 10.5720  0.0056   0
  459.6097  587.0846  -9.5357   0.0178   0.0173   0.0189 1243 1349.830 1142.212 14.4280  0.0033   0
